	3168,95175578529	169,765272631355
	2489,89066525987	905,414787367226
	2603,06751368078	905,414787367226
	0			        169,765272631355
	2716,24436210168	169,765272631355
	2829,42121052258	56,5884242104516
	1471,29902947174	3225,54017999574
	2433,30224104942	1075,18005999858
	2603,06751368078	735,649514735871
	2886,00963473303	169,765272631355
	2320,12539262852	0
	1301,53375684039	1810,82957473445
	1980,59484736581	1358,12218105084
	0			        2093,77169578671
	113,176848420903	1980,59484736581
	0			        1527,88745368219
	0			        1244,94533262994
	2489,89066525987	1584,47587789265
	3112,36333157484	679,06109052542
	2093,77169578671	0
	792,237938946323	0
	3112,36333157484	0
	1075,18005999858	226,353696841807
	565,884242104516	1697,65272631355
	509,295817894065	2093,77169578671
	282,942121052258	2037,18327157626
	1414,71060526129	2037,18327157626
	396,118969473161	2603,06751368078
	1980,59484736581	2546,47908947032
	1754,241150524		1641,0643021031
	2546,47908947032	905,414787367226
	2489,89066525987	1924,00642315536
	2150,36011999716	2093,77169578671
	1301,53375684039	1754,241150524
	792,237938946323	2093,77169578671
	2716,24436210168	905,414787367226
	1641,0643021031		1414,71060526129
	1980,59484736581	1244,94533262994
	1414,71060526129	1301,53375684039
	1471,29902947174	2829,42121052258
	509,295817894065	1867,4179989449
	1075,18005999858	1924,00642315536
	735,649514735871	2150,36011999716
	509,295817894065	1471,29902947174
	565,884242104516	1188,35690841948
	509,295817894065	2320,12539262852
	169,765272631355	2716,24436210168
	0			        1358,12218105084
	0			        2433,30224104942
	0			        2320,12539262852
	1584,47587789265	169,765272631355
	1697,65272631355	0
	1641,0643021031		113,176848420903
	1810,82957473445	0
	622,472666314968	735,649514735871
	1244,94533262994	0
	113,176848420903	1641,0643021031
	622,472666314968	3168,95175578529
	282,942121052258	1244,94533262994
	1754,241150524		1641,0643021031
	1075,18005999858	1867,4179989449
	282,942121052258	3112,36333157484
	2093,77169578671	169,765272631355
	2263,53696841807	339,53054526271
	2489,89066525987	226,353696841807
	3225,54017999574	282,942121052258
	2659,65593789123	0
	2772,83278631213	0
	2376,71381683897	0
	735,649514735871	0
	0			        565,884242104516
	0			        226,353696841807
	0			        1867,4179989449
	0			        1867,4179989449
	0			        2150,36011999716
	0			        2093,77169578671
	509,295817894065	1244,94533262994
	0			        1924,00642315536
	1584,47587789265	1924,00642315536
	1301,53375684039	226,353696841807
	1584,47587789265	1358,12218105084
	2772,83278631213	1697,65272631355
	0			        1188,35690841948
	2546,47908947032	3848,01284631071
	1697,65272631355	2376,71381683897
	5149,5466031511		679,06109052542
	1584,47587789265	2093,77169578671
	1301,53375684039	2037,18327157626
	1188,35690841948	169,765272631355
	0			        1471,29902947174
	0			        735,649514735871
	1244,94533262994	113,176848420903
	2263,53696841807	2659,65593789123
	3621,6591494689		339,53054526271
	2829,42121052258	169,765272631355
	3225,54017999574	905,414787367226
	2659,65593789123	1697,65272631355
	2376,71381683897	1244,94533262994
	2999,18648315394	622,472666314968
	2037,18327157626	1414,71060526129
	1980,59484736581	962,003211577678
	0			        1754,241150524
	0			        509,295817894065
	2093,77169578671	452,707393683613
	2659,65593789123	1301,53375684039
	4244,13181578387	339,53054526271

