  0.100000001       758.508423       1326.81396    
  0.200000003       770.797852       1301.07898    
  0.300000012       784.160645       1281.06689    
  0.400000006       792.694336       1263.56250    
  0.500000000       802.384155       1246.50073    
  0.600000024       811.563477       1230.23145    
  0.699999988       819.601990       1210.83130    
  0.800000012       833.389099       1189.24292    
  0.900000036       844.842712       1169.38806    
   1.00000000       858.374878       1142.59741    
   1.10000002       874.923035       1118.51343    
   1.20000005       887.105408       1094.53491    
   1.30000007       912.542175       1055.98840    
   1.39999998       927.941589       1029.84375    
   1.50000000       955.086609       981.658203    
   1.60000002       977.362488       941.397095    
   1.70000005       1014.19861       889.579712    
   1.80000007       1050.77832       827.158936    
   1.89999998       1088.54639       763.882568    
   2.00000000       1153.16113       658.241882    
